<?xml version="1.0"?>
<opencv_storage>
<camera_matrix type_id="opencv-matrix">
  <rows>3</rows>
  <cols>3</cols>
  <dt>d</dt>
  <data>
    1.037575214664696e+03    0.0      6.422315830312182e+02
     0.0     1.043315752317925e+03   3.878357750962377e+02
     0.0      0.0      1.0
  </data>
</camera_matrix>
<distortion_coefficients type_id="opencv-matrix">
  <rows>1</rows>
  <cols>5</cols>
  <dt>d</dt>
  <data>
    0.146911684283474 -0.214389634520344 0.0 0.0 0.0
  </data>
</distortion_coefficients>
</opencv_storage>



