<?xml version="1.0"?>
<opencv_storage>
<calibration_time>"05/28/20 12:45:50"</calibration_time>
<nr_of_frames>19</nr_of_frames>
<image_width>1280</image_width>
<image_height>720</image_height>
<board_width>9</board_width>
<board_height>6</board_height>
<square_size>50.</square_size>
<fix_aspect_ratio>1.</fix_aspect_ratio>
<!-- flags: +fix_aspectRatio +fix_principal_point +zero_tangent_dist +fix_k4 +fix_k5 -->
<flags>6158</flags>
<fisheye_model>0</fisheye_model>
<camera_matrix type_id="opencv-matrix">
  <rows>3</rows>
  <cols>3</cols>
  <dt>d</dt>
  <data>
    9.1027929201171207e+002 0. 6.3950000000000000e+002 0.
    9.1027929201171207e+002 3.5950000000000000e+002 0. 0. 1.</data></camera_matrix>
<distortion_coefficients type_id="opencv-matrix">
  <rows>5</rows>
  <cols>1</cols>
  <dt>d</dt>
  <data>
    2.2531799947542266e-001 -1.2153874918003238e+000 0. 0.
    1.9561461758735890e+000</data></distortion_coefficients>
<avg_reprojection_error>4.8559590868786523e-001</avg_reprojection_error>
<per_view_reprojection_errors type_id="opencv-matrix">
  <rows>19</rows>
  <cols>1</cols>
  <dt>f</dt>
  <data>
    6.49463415e-001 7.44188130e-001 3.61479431e-001 3.36085320e-001
    3.84030432e-001 3.34410280e-001 5.28719485e-001 3.69657964e-001
    3.05508435e-001 4.03056741e-001 5.52450001e-001 3.83696437e-001
    5.45979917e-001 4.76166517e-001 4.91622865e-001 5.29494107e-001
    6.16215944e-001 5.04630268e-001 4.42775816e-001</data></per_view_reprojection_errors>
<!-- a set of 6-tuples (rotation vector + translation vector) for each view -->
<extrinsic_parameters type_id="opencv-matrix">
  <rows>19</rows>
  <cols>6</cols>
  <dt>d</dt>
  <data>
    -3.3527539583953901e-002 -4.1318280148369265e-003
    -4.3609424172691078e-003 -2.1634705380346452e+002
    -1.2692147002679273e+002 5.8821442414727164e+002
    -1.3023935663603830e-002 1.0213236448085477e-002
    -6.6772057508165351e-003 -2.0931418549136450e+002
    -1.2292238245394807e+002 5.7007047290365836e+002
    -6.5220138473929740e-002 -3.1263605124327874e-002
    7.2665293440204873e-004 -2.1724872052608234e+002
    -1.1977876102230040e+002 8.0411616408990392e+002
    -2.5172694349787350e-001 -1.2395001657690316e-001
    -3.7243502838185449e-001 -2.0795571238389459e+002
    -8.2297511608590497e+001 7.1215328765604283e+002
    -4.2099185131736527e-001 1.4285931017156697e-001
    6.7435874673972218e-001 -1.1992485085241765e+002
    -2.4264021471582316e+002 8.6381384030658376e+002
    -4.0190346607022781e-001 2.5172356876267127e-001
    1.5181633485855264e+000 9.4959747316597671e+001
    -2.2752892555735716e+002 8.0927478771714641e+002
    3.5931711317930415e-001 9.7450449199932756e-003
    -7.2299300523245734e-003 -2.4071655018161997e+002
    -7.5129428441691473e+001 6.0931932186554366e+002
    -4.5300586158621825e-001 -4.6403728137556888e-001
    -1.5314675931656303e+000 -1.5922300036588777e+002
    1.0575636700697831e+002 5.9955076345875682e+002
    -4.0914530472719290e-001 -3.4978655754235394e-001
    -1.0021499557956370e+000 -2.6410374912808476e+002
    4.4737341544870020e+001 6.8997796540984382e+002
    -3.0964505571620454e-001 5.0635538242426385e-002
    2.5498460009040824e-001 -2.4516993430281337e+002
    -1.7777138713569508e+002 7.2545505543693343e+002
    -4.9630677221136274e-002 1.4237532213954053e-002
    1.1778003946478601e+000 4.5211597623494960e+001
    -2.4421204889911994e+002 8.5779218316964057e+002
    1.7862116260697621e-002 -1.9641187520967479e-001
    -5.2110111410073501e-001 -1.6358588954791659e+002
    -2.2315633099628478e+001 7.7123617368563077e+002
    -2.8698014510373050e-002 -1.0564058866677349e-001
    -2.5267282454402773e-001 -2.3568344670407961e+002
    -7.8506910979902727e+001 6.3439069133640567e+002
    -2.3740813867249414e-002 1.3811404287081669e-002
    3.6175892498453766e-001 -1.1943047178975425e+002
    -1.9384190277893239e+002 7.4624242191655298e+002
    -8.0407852080794345e-002 -3.0303219554094294e-002
    5.6015095330508961e-003 -1.7026410758258476e+002
    -1.3203441394677930e+002 5.9612874546911519e+002
    -3.1943873827972225e-001 -2.1431361924790171e-002
    -1.7324200434848845e-003 -1.8644809832542862e+002
    -1.2462744370418392e+002 5.8344082227146021e+002
    1.6747584738429938e-001 -3.1513276979403919e-002
    4.4617569082480487e-003 -1.8754437242397583e+002
    -1.0892202199405151e+002 5.5245861120211555e+002
    -1.0384361882589682e-001 2.6396316679364090e-001
    -6.8668625027260288e-003 -1.7497206030701474e+002
    -1.1958014438859298e+002 6.4135526123682132e+002
    -4.5827466319575183e-002 -2.4902450461904710e-001
    -2.2652019153109326e-003 -2.4841743611521892e+002
    -1.2866049547580076e+002 5.5562923868192593e+002</data></extrinsic_parameters>
